{"city":["A.47342","A.47344","A.49104","A.49147","A.49153","A.212809","A.47357","A.49112","A.209109","A.47332","A.49113","A.49100","A.47373","A.47338","A.47450","A.47335","A.49117","A.49110","A.47347","A.49105","A.47350","A.47368","A.49133","A.47405","A.49116","A.47374","A.49167","A.49130","A.49099","A.49114","A.49249","A.49128","A.47333","A.49109","A.47370","A.215770","A.49111","A.49135","A.47340","A.47358","A.49107","A.49132","A.47328","A.47383","A.49131","A.49125","A.47354","A.49121","A.49162","A.47346","A.47363","A.47387","A.47341","A.47337","A.49151","A.47418","A.47339"],"line":[[0,8285,3383044,3383828,3383706,3378380,51750,3383301,17039,12582,3382030,3383390,47970,11888,481186,13711,3383217,3378357,14141,3383721,7591,71279,3384143,31618,3383739,18565,3383187,3382085,3383479,3383702,3382114,3385750,15351,3385077,2553,3383683,3383656,3382953,4778,14498,3383527,3382428,10050,30936,3381519,3381761,14445,3383549,3382707,8283,18044,98455,7519,63729,3383794,9103,4722.699121696901],[8285,0,3390070,3390857,3390743,3385413,48191,3390334,25300,20032,3389063,3390423,52885,18512,479536,9296,3390247,3385389,12290,3390757,15153,77211,3391193,39480,3390769,10871,3390219,3389119,3390512,3390736,3389156,3392800,23545,3392108,9634,3390720,3390690,3389985,13006,22349,3390558,3389462,15603,22978,3388520,3388799,21436,3390579,3389740,15938,26315,104847,15086,71140,3390827,17247,3625],[3383044,3390070,0,2682,7781,6670,3381255,5638,3369528,3370465,5647,5262,3382989,3371594,3247348,3396571,3426,6702,3395555,7528,3375461,3369638,18042,3352055,3156,3400925,4373,5642,5256,6233,11748,18174,3371761,4715,3380910,7997,6708,4440,3379569,3374825,3643,5800,3374492,3412452,18536,9404,3368753,3339,5671,3374760,3368502,3355613,3375533,3351832,4820,3374357,3387293],[3383828,3390857,2682,0,5190,5877,3382079,3112,3370304,3371249,3490,2722,3383736,3372381,3248491,3397353,1052,5907,3396335,4934,3376245,3370368,15448,3352835,521,3401713,1917,3466,2696,3636,9307,15527,3372537,2100,3381695,5409,4119,2069,3380351,3375600,1088,3496,3375280,3413244,21166,7062,3369539,787,3294,3375544,3369278,3356323,3376317,3352572,2197,3375139,3388079],[3383706,3390743,7781,5190,0,6102,3382040,2159,3370166,3371128,2762,2521,3383538,3372265,3249115,3397228,4358,6112,3396203,255,3376124,3370135,10265,3352703,4675,3401600,3421,2725,2524,1555,4268,10419,3372399,3758,3381576,220,1074,3397,3380224,3375459,4146,2360,3375167,3413137,26318,2497,3369421,4454,2317,3375423,3369139,3356051,3376196,3352363,2992,3375013,3387960],[3378380,3385413,6670,5877,6102,0,3376667,4994,3364849,3365802,3732,5032,3378256,3366936,3243417,3391904,5021,32,3390882,5995,3370798,3364874,14428,3347383,5619,3396269,4823,3787,5120,5508,7877,15108,3367083,6716,3376248,6192,5609,4584,3374901,3370144,5276,4168,3369836,3407802,23441,5661,3364093,5373,4416,3370097,3363823,3350813,3370870,3347088,5413,3369689,3382632],[51750,48191,3381255,3382079,3382040,3376667,0,3381601,63094,52484,3380329,3381684,99690,49391,432168,56185,3381482,3376644,60124,3382050,51627,122163,3382638,64734,3381998,50816,3381467,3380384,3381773,3382010,3380511,3384244,62767,3383354,50303,3382020,3381972,3381234,55000,63925,3381795,3380730,46870,52583,3379438,3380119,51058,3381812,3381007,52113,63587,148284,51631,111012,3382080,54815,50054],[3383301,3390334,5638,3112,2159,4994,3381601,0,3369767,3370722,1273,391,3383163,3371857,3248409,3396824,2211,5014,3395801,1912,3375718,3369775,12405,3352301,2591,3401191,1265,1217,432,693,6195,12578,3372000,2248,3381169,2370,1106,1242,3379821,3375061,2034,883,3374758,3412725,24171,3994,3369014,2344,594,3375017,3368740,3355707,3375790,3351993,1000,3374609,3387553],[17039,25300,3369528,3370304,3370166,3364849,63094,3369767,0,10664,3368496,3369857,39848,13711,486538,28246,3369690,3364825,26305,3370181,12259,59521,3370569,17938,3370213,34964,3369657,3368551,3369947,3370166,3368561,3372177,2233,3371547,16375,3370142,3370118,3369423,12295,5521,3369999,3368894,16402,47355,3368061,3368215,12488,3370022,3369173,11568,1071,85189,12284,48474,3370263,9042,21687],[12582,20032,3370465,3371249,3371128,3365802,52484,3370722,10664,0,3369451,3370811,49755,3139,476761,26226,3370638,3365778,26008,3371142,4996,70156,3371565,19534,3371160,30823,3370608,3369507,3370901,3371123,3369536,3373172,10736,3372498,10506,3371105,3371077,3370374,9769,12945,3370948,3369849,6423,43008,3368938,3369182,2515,3370970,3370128,4307,11105,95816,5068,58763,3371216,4904,16923],[3382030,3389063,5647,3490,2762,3732,3380329,1273,3368496,3369451,0,1393,3381894,3370586,3247141,3395553,2442,3751,3394530,2574,3374447,3368505,12627,3351031,3010,3399919,1656,55,1484,1790,6155,12956,3370729,3313,3379898,2926,1975,1449,3378550,3373790,2455,451,3373487,3411454,24031,3769,3367743,2719,685,3373746,3367469,3354438,3374519,3350723,1935,3373338,3386282],[3383390,3390423,5262,2722,2521,5032,3381684,391,3369857,3370811,1393,0,3383258,3371945,3248443,3396913,1837,5053,3395891,2270,3375807,3369872,12779,3352391,2200,3401279,903,1340,90,996,6586,12936,3372090,1959,3381258,2736,1453,921,3379910,3375151,1646,1091,3374846,3412813,23798,4380,3369102,1956,796,3375106,3368830,3355806,3375879,3352088,635,3374698,3387642],[47970,52885,3382989,3383736,3383538,3378256,99690,3383163,39848,49755,3381894,3383258,0,52350,526379,47787,3383112,3378232,43324,3383556,48867,25841,3383824,51748,3383639,56029,3383068,3381949,3383348,3383556,3381888,3385432,39131,3384959,49402,3383512,3383503,3382833,44796,36886,3383419,3382289,53867,64846,3381735,3381569,51976,3383446,3382569,48570,39912,54193,48845,32118,3383670,46007,50244],[11888,18512,3371594,3372381,3372265,3366936,49391,3371857,13711,3139,3370586,3371945,52350,0,474350,25563,3371771,3366912,25883,3372279,4793,73118,3372711,21707,3372293,29384,3371742,3370641,3372035,3372258,3370677,3374318,13590,3373631,9487,3372242,3372213,3371508,10273,15464,3372081,3370984,3563,41351,3370051,3370320,3041,3372103,3371263,4532,14202,98896,4858,61901,3372350,6528,15740],[481186,479536,3247348,3248491,3249115,3243417,432168,3248409,486538,476761,3247141,3248443,526379,474350,0,488086,3248010,3243396,491772,3249093,478292,543252,3251018,477439,3248477,482977,3248116,3247196,3248530,3248887,3248108,3252603,487274,3249969,479138,3249124,3248911,3247894,483093,489705,3248344,3247565,473336,483212,3243191,3247414,474468,3248321,3247826,478449,486510,562932,478326,524545,3248773,480843,480730],[13711,9296,3396571,3397353,3397228,3391904,56185,3396824,28246,26226,3395553,3396913,47787,25563,488086,0,3396742,3391880,4474,3397243,21270,73046,3397657,44700,3397264,8457,3396711,3395608,3397003,3397224,3395633,3399264,26126,3398601,16080,3397205,3397178,3396477,17033,23822,3397052,3395951,23327,19828,3395058,3395281,28156,3397074,3396230,21920,29317,101161,21197,69690,3397318,22219,10229],[3383217,3390247,3426,1052,4358,5021,3381482,2211,3369690,3370638,2442,1837,3383112,3371771,3248010,3396742,0,5050,3395722,4107,3375634,3369738,14616,3352222,624,3401103,949,2420,1835,2818,8363,14767,3371923,2037,3381084,4574,3287,1051,3379739,3374985,363,2475,3374671,3412635,21961,6072,3368929,353,2297,3374933,3368664,3355687,3375706,3351947,1458,3374527,3387468],[3378357,3385389,6702,5907,6112,32,3376644,5014,3364825,3365778,3751,5053,3378232,3366912,3243396,3391880,5050,0,3390859,6006,3370774,3364850,14417,3347359,5648,3396245,4848,3806,5141,5525,7869,15101,3367059,6741,3376225,6201,5624,4610,3374878,3370120,5303,4186,3369812,3407779,23465,5658,3364069,5402,4435,3370073,3363799,3350789,3370846,3347064,5437,3369666,3382609],[14141,12290,3395555,3396335,3396203,3390882,60124,3395801,26305,26008,3394530,3395891,43324,25883,491772,4474,3395722,3390859,0,3396218,21262,68630,3396618,43500,3396244,12791,3395690,3394586,3395981,3396201,3394603,3398225,24103,3397580,16685,3396179,3396154,3395456,16323,21417,3396032,3394928,24179,23433,3394067,3394253,28177,3396054,3395207,21798,27366,96781,21190,65742,3396296,21546,11969],[3383721,3390757,7528,4934,255,5995,3382050,1912,3370181,3371142,2574,2270,3383556,3372279,3249093,3397243,4107,6006,3396218,0,3376139,3370155,10519,3352718,4419,3401614,3171,2534,2272,1299,4511,10667,3372415,3516,3381590,475,820,3152,3380239,3375475,3892,2158,3375181,3413151,26065,2675,3369435,4200,2097,3375437,3369155,3356073,3376211,3352381,2737,3375028,3387975],[7591,15153,3375461,3376245,3376124,3370798,51627,3375718,12259,4996,3374447,3375807,48867,4793,478292,21270,3375634,3370774,21262,3376139,0,70538,3376562,24327,3376156,25880,3375604,3374503,3375897,3376119,3374533,3378169,11380,3377494,5547,3376101,3376073,3375371,5490,12311,3375944,3374846,5005,38124,3373934,3374178,6931,3375966,3375124,811,13046,96875,72,60658,3376212,3274,11953],[71279,77211,3369638,3370368,3370135,3364874,122163,3369775,59521,70156,3368505,3369872,25841,73118,543252,73046,3369738,3364850,68630,3370155,70538,0,3370351,65831,3370267,81414,3369688,3368561,3369962,3370163,3368458,3371959,59546,3371580,72271,3370107,3370107,3369453,67434,58237,3370044,3368899,75351,90625,3368510,3368156,71983,3370073,3369180,70068,59214,28353,70533,22803,3370287,67371,74235],[3384143,3391193,18042,15448,10265,14428,3382638,12405,3370569,3371565,12627,12779,3383824,3372711,3251018,3397657,14616,14417,3396618,10519,3376562,3370351,0,3353120,14936,3402051,13670,12614,12787,11819,6611,1607,3372803,13790,3382016,10047,11339,13620,3380650,3375858,14411,12357,3375620,3413603,36575,9008,3369864,14720,12428,3375859,3369542,3356190,3376634,3352624,13252,3375441,3388403],[31618,39480,3352055,3352835,3352703,3347383,64734,3352301,17938,19534,3351031,3352391,51748,21707,477439,44700,3352222,3347359,43500,3352718,24327,65831,3353120,0,3352744,50151,3352190,3351086,3352481,3352701,3351104,3354727,20126,3354080,29857,3352680,3352654,3351956,27678,23452,3352532,3351429,25225,62445,3350566,3350754,18678,3352554,3351708,23542,17017,87968,24393,49072,3352797,22583,36210],[3383739,3390769,3156,521,4675,5619,3381998,2591,3370213,3371160,3010,2200,3383639,3372293,3248477,3397264,624,5648,3396244,4419,3376156,3370267,14936,3352744,0,3401625,1405,2983,2175,3120,8786,15028,3372446,1780,3381606,4894,3602,1571,3380261,3375509,572,2992,3375192,3413156,21667,6545,3369450,292,2782,3375455,3369187,3356219,3376228,3352475,1684,3375049,3387990],[18565,10871,3400925,3401713,3401600,3396269,50816,3401191,34964,30823,3399919,3401279,56029,29384,482977,8457,3401103,3396245,12791,3401614,25880,81414,3402051,50151,3401625,0,3401075,3399975,3401369,3401592,3400014,3403658,32989,3402964,20333,3401577,3401547,3400841,22904,31127,3401414,3400318,26435,12415,3399372,3399656,32299,3401435,3400597,26644,36021,109571,25811,78045,3401683,27666,13943],[3383187,3390219,4373,1917,3421,4823,3381467,1265,3369657,3370608,1656,903,3383068,3371742,3248116,3396711,949,4848,3395690,3171,3375604,3369688,13670,3352190,1405,3401075,0,1621,915,1897,7419,13838,3371890,1893,3381055,3634,2355,243,3379708,3374952,833,1590,3374642,3412608,22905,5147,3368899,1129,1377,3374903,3368631,3355629,3375676,3351901,722,3374496,3387439],[3382085,3389119,5642,3466,2725,3787,3380384,1217,3368551,3369507,55,1340,3381949,3370641,3247196,3395608,2420,3806,3394586,2534,3374503,3368561,12614,3351086,2983,3399975,1621,0,1431,1737,6150,12936,3370785,3264,3379954,2891,1927,1418,3378605,3373846,2425,400,3373542,3411510,24037,3769,3367798,2692,629,3373802,3367525,3354494,3374575,3350779,1886,3373394,3386338],[3383479,3390512,5256,2696,2524,5120,3381773,432,3369947,3370901,1484,90,3383348,3372035,3248530,3397003,1835,5141,3395981,2272,3375897,3369962,12787,3352481,2175,3401369,915,1431,0,985,6617,12933,3372180,1876,3381348,2741,1452,956,3380000,3375241,1628,1177,3374936,3412903,23793,4426,3369192,1938,881,3375196,3368920,3355897,3375969,3352178,571,3374788,3387732],[3383702,3390736,6233,3636,1555,5508,3382010,693,3370166,3371123,1790,996,3383556,3372258,3248887,3397224,2818,5525,3396201,1299,3376119,3370163,11819,3352701,3120,3401592,1897,1737,985,0,5739,11949,3372399,2381,3381570,1774,484,1910,3380221,3375460,2593,1343,3375160,3413128,24768,3674,3369415,2900,1129,3375418,3369139,3356091,3376191,3352384,1439,3375009,3387954],[3382114,3389156,11748,9307,4268,7877,3380511,6195,3368561,3369536,6155,6586,3381888,3370677,3248108,3395633,8363,7869,3394603,4511,3374533,3368458,6611,3351104,8786,3400014,7419,6150,6617,5739,0,7233,3370795,8027,3379985,4057,5264,7321,3378628,3373853,8224,5951,3373581,3411557,30186,2420,3367832,8533,6079,3373831,3367534,3354345,3374605,3350703,7151,3373418,3386371],[3385750,3392800,18174,15527,10419,15108,3384244,12578,3372177,3373172,12956,12936,3385432,3374318,3252603,3399264,14767,15101,3398225,10667,3378169,3371959,1607,3354727,15028,3403658,13838,12936,12933,11949,7233,0,3374410,13737,3383624,10209,11483,13816,3382258,3377465,14531,12644,3377227,3415210,36693,9524,3371471,14834,12677,3377466,3371149,3357798,3378241,3354232,13353,3377048,3390010],[15351,23545,3371761,3372537,3372399,3367083,62767,3372000,2233,10736,3370729,3372090,39131,13590,487274,26126,3371923,3367059,24103,3372415,11380,59546,3372803,20126,3372446,32989,3371890,3370785,3372180,3372399,3370795,3374410,0,3373780,14936,3372375,3372352,3371657,10572,3423,3372233,3371127,15905,45357,3370295,3370448,12855,3372256,3371406,10776,3271,85577,11393,49317,3372497,8105,19920],[3385077,3392108,4715,2100,3758,6716,3383354,2248,3371547,3372498,3313,1959,3384959,3373631,3249969,3398601,2037,6741,3397580,3516,3377494,3371580,13790,3354080,1780,3402964,1893,3264,1876,2381,8027,13737,3373780,0,3382944,3971,2812,2131,3381598,3376842,1677,3051,3376531,3414497,23009,6053,3370789,1800,2756,3376793,3370521,3357522,3377566,3353792,1379,3376386,3389328],[2553,9634,3380910,3381695,3381576,3376248,50303,3381169,16375,10506,3379898,3381258,49402,9487,479138,16080,3381084,3376225,16685,3381590,5547,72271,3382016,29857,3381606,20333,3381055,3379954,3381348,3381570,3379985,3383624,14936,3382944,0,3381553,3381524,3380821,4870,14663,3381395,3380297,7498,32588,3379377,3379631,12177,3381416,3380575,6317,17317,99206,5478,63937,3381662,7742,6416],[3383683,3390720,7997,5409,220,6192,3382020,2370,3370142,3371105,2926,2736,3383512,3372242,3249124,3397205,4574,6201,3396179,475,3376101,3370107,10047,3352680,4894,3401577,3634,2891,2741,1774,4057,10209,3372375,3971,3381553,0,1292,3606,3380201,3375435,4364,2535,3375144,3413115,26534,2347,3369398,4672,2507,3375400,3369115,3356021,3376173,3352336,3212,3374990,3387937],[3383656,3390690,6708,4119,1074,5609,3381972,1106,3370118,3371077,1975,1453,3383503,3372213,3248911,3397178,3287,5624,3396154,820,3376073,3370107,11339,3352654,3602,3401547,2355,1927,1452,484,5264,11483,3372352,2812,3381524,1292,0,2347,3380175,3375412,3072,1528,3375114,3413083,25244,3248,3369369,3380,1391,3375372,3369092,3356031,3376145,3352330,1923,3374963,3387909],[3382953,3389985,4440,2069,3397,4584,3381234,1242,3369423,3370374,1449,921,3382833,3371508,3247894,3396477,1051,4610,3395456,3152,3375371,3369453,13620,3351956,1571,3400841,243,1418,956,1910,7321,13816,3371657,2131,3380821,3606,2347,0,3379474,3374718,1008,1429,3374408,3412374,22957,5021,3368666,1284,1246,3374670,3368397,3355394,3375443,3351666,900,3374262,3387205],[4778,13006,3379569,3380351,3380224,3374901,55000,3379821,12295,9769,3378550,3379910,44796,10273,483093,17033,3379739,3374878,16323,3380239,5490,67434,3380650,27678,3380261,22904,3379708,3378605,3380000,3380221,3378628,3382258,10572,3381598,4870,3380201,3380175,3379474,0,9875,3380049,3378948,9948,35319,3378063,3378277,12083,3380071,3379227,5793,13315,94335,5429,59172,3380315,5242,9391],[14498,22349,3374825,3375600,3375459,3370144,63925,3375061,5521,12945,3373790,3375151,36886,15464,489705,23822,3374985,3370120,21417,3375475,12311,58237,3375858,23452,3375509,31127,3374952,3373846,3375241,3375460,3373853,3377465,3423,3376842,14663,3375435,3375412,3374718,9875,0,3375295,3374188,17207,43378,3373367,3373507,15288,3375318,3374467,11883,6445,84757,12304,49297,3375558,9222,18754],[3383527,3390558,3643,1088,4146,5276,3381795,2034,3369999,3370948,2455,1646,3383419,3372081,3248344,3397052,363,5303,3396032,3892,3375944,3370044,14411,3352532,572,3401414,833,2425,1628,2593,8224,14531,3372233,1677,3381395,4364,3072,1008,3380049,3375295,0,2421,3374981,3412946,22176,5974,3369239,310,2209,3375244,3368973,3355991,3376016,3352254,1181,3374837,3387778],[3382428,3389462,5800,3496,2360,4168,3380730,883,3368894,3369849,451,1091,3382289,3370984,3247565,3395951,2475,4186,3394928,2158,3374846,3368899,12357,3351429,2992,3400318,1590,400,1177,1343,5951,12644,3371127,3051,3380297,2535,1528,1429,3378948,3374188,2421,0,3373885,3411853,24256,3610,3368141,2710,298,3374144,3367867,3354830,3374918,3351118,1697,3373736,3386681],[10050,15603,3374492,3375280,3375167,3369836,46870,3374758,16402,6423,3373487,3374846,53867,3563,473336,23327,3374671,3369812,24179,3375181,5005,75351,3375620,25225,3375192,26435,3374642,3373542,3374936,3375160,3373581,3377227,15905,3376531,7498,3375144,3375114,3374408,9948,17207,3374981,3373885,0,38201,3372937,3373224,6550,3375002,3374164,5327,17028,101476,5030,64842,3375250,7994,13200],[30936,22978,3412452,3413244,3413137,3407802,52583,3412725,47355,43008,3411454,3412813,64846,41351,483212,19828,3412635,3407779,23433,3413151,38124,90625,3413603,62445,3413156,12415,3412608,3411510,3412903,3413128,3411557,3415210,45357,3414497,32588,3413115,3413083,3412374,35319,43378,3412946,3411853,38201,0,3410872,3411196,44331,3412967,3412131,38904,48415,118962,38057,89136,3413216,40039,26264],[3381519,3388520,18536,21166,26318,23441,3379438,24171,3368061,3368938,24031,23798,3381735,3370051,3243191,3395058,21961,23465,3394067,26065,3373934,3368510,36575,3350566,21667,3399372,22905,24037,23793,24768,30186,36693,3370295,23009,3379377,26534,25244,22957,3378063,3373367,22176,24256,3372937,3410872,0,27786,3367216,21870,24162,3373236,3367037,3354625,3374006,3350623,23348,3372847,3385756],[3381761,3388799,9404,7062,2497,5661,3380119,3994,3368215,3369182,3769,4380,3381569,3370320,3247414,3395281,6072,5658,3394253,2675,3374178,3368156,9008,3350754,6545,3399656,5147,3769,4426,3674,2420,9524,3370448,6053,3379631,2347,3248,5021,3378277,3373507,5974,3610,3373224,3411196,27786,0,3367476,6276,3775,3373477,3367188,3354060,3374250,3350390,4989,3373066,3386016],[14445,21436,3368753,3369539,3369421,3364093,51058,3369014,12488,2515,3367743,3369102,51976,3041,474468,28156,3368929,3364069,28177,3369435,6931,71983,3369864,18678,3369450,32299,3368899,3367798,3369192,3369415,3367832,3371471,12855,3370789,12177,3369398,3369369,3368666,12083,15288,3369239,3368141,6550,44331,3367216,3367476,0,3369261,3368420,6382,12773,97366,7003,59992,3369507,7396,18539],[3383549,3390579,3339,787,4454,5373,3381812,2344,3370022,3370970,2719,1956,3383446,3372103,3248321,3397074,353,5402,3396054,4200,3375966,3370073,14720,3352554,292,3401435,1129,2692,1938,2900,8533,14834,3372256,1800,3381416,4672,3380,1284,3380071,3375318,310,2710,3375002,3412967,21870,6276,3369261,0,2506,3375265,3368996,3356022,3376038,3352281,1480,3374859,3387800],[3382707,3389740,5671,3294,2317,4416,3381007,594,3369173,3370128,685,796,3382569,3371263,3247826,3396230,2297,4435,3395207,2097,3375124,3369180,12428,3351708,2782,3400597,1377,629,881,1129,6079,12677,3371406,2756,3380575,2507,1391,1246,3379227,3374467,2209,298,3374164,3412131,24162,3775,3368420,2506,0,3374423,3368146,3355112,3375196,3351399,1411,3374015,3386960],[8283,15938,3374760,3375544,3375423,3370097,52113,3375017,11568,4307,3373746,3375106,48570,4532,478449,21920,3374933,3370073,21798,3375437,811,70068,3375859,23542,3375455,26644,3374903,3373802,3375196,3375418,3373831,3377466,10776,3376793,6317,3375400,3375372,3374670,5793,11883,3375244,3374144,5327,38904,3373236,3373477,6382,3375265,3374423,0,12330,96324,869,60005,3375511,2703,12708],[18044,26315,3368502,3369278,3369139,3363823,63587,3368740,1071,11105,3367469,3368830,39912,14202,486510,29317,3368664,3363799,27366,3369155,13046,59214,3369542,17017,3369187,36021,3368631,3367525,3368920,3369139,3367534,3371149,3271,3370521,17317,3369115,3369092,3368397,13315,6445,3368973,3367867,17028,48415,3367037,3367188,12773,3368996,3368146,12330,0,84711,13075,47814,3369237,9875,22706],[98455,104847,3355613,3356323,3356051,3350813,148284,3355707,85189,95816,3354438,3355806,54193,98896,562932,101161,3355687,3350789,96781,3356073,96875,28353,3356190,87968,3356219,109571,3355629,3354494,3355897,3356091,3354345,3357798,85577,3357522,99206,3356021,3356031,3355394,94335,84757,3355991,3354830,101476,118962,3354625,3354060,97366,3356022,3355112,96324,84711,0,96880,38982,3356225,93627,101724],[7519,15086,3375533,3376317,3376196,3370870,51631,3375790,12284,5068,3374519,3375879,48845,4858,478326,21197,3375706,3370846,21190,3376211,72,70533,3376634,24393,3376228,25811,3375676,3374575,3375969,3376191,3374605,3378241,11393,3377566,5478,3376173,3376145,3375443,5429,12304,3376016,3374918,5030,38057,3374006,3374250,7003,3376038,3375196,869,13075,96880,0,60676,3376284,3289,11883],[63729,71140,3351832,3352572,3352363,3347088,111012,3351993,48474,58763,3350723,3352088,32118,61901,524545,69690,3351947,3347064,65742,3352381,60658,22803,3352624,49072,3352475,78045,3351901,3350779,3352178,3352384,3350703,3354232,49317,3353792,63937,3352336,3352330,3351666,59172,49297,3352254,3351118,64842,89136,3350623,3350390,59992,3352281,3351399,60005,47814,38982,60676,0,3352501,57390,67681],[3383794,3390827,4820,2197,2992,5413,3382080,1000,3370263,3371216,1935,635,3383670,3372350,3248773,3397318,1458,5437,3396296,2737,3376212,3370287,13252,3352797,1684,3401683,722,1886,571,1439,7151,13353,3372497,1379,3381662,3212,1923,900,3380315,3375558,1181,1697,3375250,3413216,23348,4989,3369507,1480,1411,3375511,3369237,3356225,3376284,3352501,0,3375103,3388046],[9103,17247,3374357,3375139,3375013,3369689,54815,3374609,9042,4904,3373338,3374698,46007,6528,480843,22219,3374527,3369666,21546,3375028,3274,67371,3375441,22583,3375049,27666,3374496,3373394,3374788,3375009,3373418,3377048,8105,3376386,7742,3374990,3374963,3374262,5242,9222,3374837,3373736,7994,40039,3372847,3373066,7396,3374859,3374015,2703,9875,93627,3289,57390,3375103,0,13792],[4722.699121696901,3625,3387293,3388079,3387960,3382632,50054,3387553,21687,16923,3386282,3387642,50244,15740,480730,10229,3387468,3382609,11969,3387975,11953,74235,3388403,36210,3387990,13943,3387439,3386338,3387732,3387954,3386371,3390010,19920,3389328,6416,3387937,3387909,3387205,9391,18754,3387778,3386681,13200,26264,3385756,3386016,18539,3387800,3386960,12708,22706,101724,11883,67681,3388046,13792,0]],"onlyStart":false}