{"city":["A.23575","A.24289","A.259625","A.221676","A.259628","A.105151","A.23574","A.216403","A.221680","A.23595","A.24291","A.24285","A.103270","A.103005","A.200156","A.23579","A.24346"],"line":[[0,113275,146296,835989,847434,850183,5967,836446,833951,7151,180963,171815,835111,831874,843827,3820,454733.99359378294],[113275,0,42645,733351,745139,747961,110889,733820,735794,106132,83564,72389,732491,730000,741759,110207,352983],[146296,42645,0,693123,704806,707606,145078,693588,694415,139248,40939,29743,692256,689532,701355,143769,312165],[835989,733351,693123,0,12897,15925,835842,500,67007,829307,655489,665272,919,12784,12300,834047,381310],[847434,745139,704806,12897,0,3029,847328,12398,62956,840770,667040,676871,13564,16769,5074,845515,392851],[850183,747961,707606,15925,3029,0,850086,15425,62478,843523,669814,679655,16594,18980,6760,848269,395627],[5967,110889,145078,835842,847328,850086,0,836300,834283,7364,180514,171148,834965,831813,843746,3216,454541],[836446,733820,693588,500,12398,15425,836300,0,66838,829764,655949,665734,1337,12752,11855,834505,381770],[833951,735794,694415,67007,62956,62478,834283,66838,0,827496,655366,665670,66679,54770,58664,832280,383316],[7151,106132,139248,829307,840770,843523,7364,829764,827496,0,174142,164918,828429,825229,837174,4796,448028],[180963,83564,40939,655489,667040,669814,180514,655949,655366,174142,0,11290,654615,651611,663505,178838,274189],[171815,72389,29743,665272,676871,679655,171148,665734,665670,164918,11290,0,664401,661497,673366,169573,284042],[835111,732491,692256,919,13564,16594,834965,1337,66679,828429,654615,664401,0,12260,12673,833169,380436],[831874,730000,689532,12784,16769,18980,831813,12752,54770,825229,651611,661497,12260,0,12255,829979,377454],[843827,741759,701355,12300,5074,6760,843746,11855,58664,837174,663505,673366,12673,12255,0,841922,389327],[3820,110207,143769,834047,845515,848269,3216,834505,832280,4796,178838,169573,833169,829979,841922,0,452762],[454733.99359378294,352983,312165,381310,392851,395627,454541,381770,383316,448028,274189,284042,380436,377454,389327,452762,0]],"onlyStart":false}