{"city":["A.52775","A.105613","A.52780","A.52782","A.52774","A.200820","A.216923","A.52882","A.52788","A.258504","A.53096","A.52830","A.52885","A.52926","A.52949","A.52887","A.226485","A.217100","A.53025","A.52805","A.52977","A.52931","A.52794","A.52778","A.52955","A.203254","A.212345","A.52842","A.52966","A.258486","A.52880","A.52799","A.52888","A.203246","A.102385","A.52800","A.52637","A.204306","A.202513","A.52633","A.52790","A.52901","A.52687","A.52925","A.52662","A.52929","A.52808","A.52890","A.52881","A.200553","A.52678","A.102383","A.52785"],"line":[[0,221781,156831,147940,2856,252208,81965,201252,244423,218524,31117,243241,81965,235135,156743,104538,259311,81908,379761,252410,84351,206383,249100,1930,156142,157279,200836,251456,229573,252541,206430,240540,87584,252552,52003,252627,237173,181249,160307,223639,243235,259363,217075,263524,217052,173478,252310,309160,201525,150296,217923,49114,156952],[221781,0,65210,79850,221378,206549,246212,20554,217893,430616,192459,219921,246212,440555,218542,144822,84189,246122,186552,206682,263295,413113,207364,223023,218538,218687,21002,206481,34753,207203,15832,218549,246506,207083,222690,206925,15521,40778,62082,2437,219917,84566,429159,467199,429170,395146,206596,90408,20264,71588,429966,220955,65173],[156831,65210,0,22635,156523,201395,183989,44878,207068,368465,127279,208191,183989,376891,179486,85501,117340,183897,240762,201569,200353,349169,200838,158028,179316,179761,44533,201062,76164,202006,49655,206190,184868,201920,158644,201832,80710,26029,4192,67192,208186,117548,367004,403882,367008,330048,201468,152854,45102,10344,367824,156742,743],[147940,79850,22635,0,148024,221571,166389,61061,226225,363660,117259,227167,166389,360777,191186,65573,115055,166299,261008,221750,183450,333433,220802,148921,190952,191507,60900,221200,81698,222170,64075,225064,166783,222090,143241,222013,95159,45575,22481,82107,227161,115187,362199,387360,362192,319550,221647,162109,61148,28240,363032,141640,22040],[2856,221378,156523,148024,0,249746,84821,200836,241859,217774,31722,240661,84821,236953,153966,105729,259803,84764,378421,249948,87148,208192,246621,4616,153364,154503,200413,248992,229597,250076,206079,237960,90437,250088,54776,250164,236743,180786,160041,223215,240655,259859,216322,265369,216301,174059,249848,309004,201116,149841,217169,51868,156658],[252208,206549,201395,221571,249746,0,325009,200231,20166,373334,242985,23565,325009,479635,111863,262034,290732,324927,210889,203,333295,451207,4311,254138,112456,111432,199641,855,240909,654,205973,24708,329110,536,291565,454,209873,193838,203877,205625,23567,291107,372113,508154,372202,389597,102,269371,200675,193496,372684,288420,202131],[81965,246212,183989,166389,84821,325009,0,227280,319594,254402,82087,318788,1,195337,236989,102041,257134,92,423480,325212,18855,168841,322317,80341,236408,237519,227075,324318,242202,325413,230460,316117,6142,325404,33498,325447,261435,209949,186074,248485,318782,257050,253083,221343,253011,178215,325109,323100,227395,181703,253922,36681,183772],[201252,20554,44878,61061,200836,200231,227280,0,209986,410343,172014,211766,227280,421118,202984,126572,93172,227189,201380,200378,244103,393545,200637,202501,202939,203162,661,200082,43708,200879,6973,210197,227788,200768,203024,200630,35931,20279,41948,22392,211762,93499,408885,447919,408895,374641,200286,110396,480,51033,409694,201215,44885],[244423,217893,207068,226225,241859,20166,319594,209986,0,356137,237544,3399,319594,468451,97591,262290,301816,319515,230986,20228,326865,440205,16237,246345,98211,97121,209373,19486,251775,19802,216041,5080,323963,19942,286096,20189,222359,201891,209856,217149,3400,302178,354940,496893,355033,375791,20220,284631,210444,198558,355493,282913,207811],[218524,430616,368465,363660,217774,373334,254402,410343,356137,0,249497,353264,254402,209445,264132,322314,477186,254429,558392,373485,239276,195075,369077,218008,263619,264466,409824,372482,444020,373290,416396,351063,259703,373384,248502,373581,445266,390107,372372,432104,353260,477257,1461,228283,1472,101029,373424,520659,410697,360184,670,247690,368748],[31117,192459,127279,117259,31722,242985,82087,172014,237544,249497,0,236774,82087,256651,157775,74773,228194,82007,355705,243188,91023,228137,240260,31880,157227,158293,171628,242288,198954,243383,176930,234109,86426,243376,48600,243422,207931,152258,130592,194395,236768,228245,248045,284648,248024,202845,243085,278940,172265,121380,248892,45442,127350],[243241,219921,208191,227167,240661,23565,318788,211766,3399,353264,236774,0,318788,466616,95387,262476,303768,318710,234374,23627,325882,438405,19621,245161,96011,94910,211150,22884,253710,23200,217868,2702,323201,23340,285294,23587,224565,203405,211027,219206,6,304128,352072,495041,352165,373513,23619,287256,212226,199589,352621,282107,208935],[81965,246212,183989,166389,84821,325009,1,227280,319594,254402,82087,318788,0,195337,236989,102041,257134,92,423480,325212,18855,168841,322317,80341,236408,237519,227075,324318,242202,325413,230460,316117,6142,325404,33498,325447,261435,209949,186074,248485,318782,257050,253083,221343,253011,178215,325109,323100,227395,181703,253922,36681,183772],[235135,440555,376891,360777,236953,479635,195337,421118,468451,209445,256651,466616,195337,0,372160,297300,450292,195425,612183,479829,177525,28771,476053,233314,371524,372670,420865,478824,437537,479867,424735,463957,196044,479903,218264,480018,455924,402902,379368,442771,466610,450172,209049,28574,208891,115509,479738,518369,421269,373302,209480,220252,376758],[156743,218542,179486,191186,153966,111863,236989,202984,97591,264132,157775,95387,236989,372160,0,203598,293801,236921,299455,112036,241074,344164,107809,158582,637,537,202325,111010,246290,111940,209949,92812,242093,112010,204231,112175,228951,187103,183415,218884,95382,294070,262853,400485,262931,278223,111961,303335,203457,169196,263471,201024,180156],[104538,144822,85501,65573,105729,262034,102041,126572,262290,322314,74773,262476,102041,297300,203598,0,160136,101953,326161,262229,119835,270496,260372,104805,203185,204041,126430,261507,140426,262563,129212,260043,101912,262513,83168,262488,159858,110688,86823,147144,262470,160118,320876,323382,320845,265821,262123,221563,126641,85744,321728,82308,85140],[259311,84189,117340,115055,259803,290732,257134,93172,301816,477186,228194,303768,257134,450292,293801,160136,0,257055,236134,290865,275864,425027,291516,260033,293702,294021,93823,290660,50076,291385,86588,302325,255398,291266,243023,291109,83075,106806,113158,85189,303763,428,475728,474608,475714,425921,290779,81202,92694,127509,476569,242333,116793],[81908,246122,183897,166299,84764,324927,92,227189,319515,254429,82007,318710,92,195425,236921,101953,257055,0,423388,325131,18928,168926,322236,80285,236339,237451,226984,324236,242115,325332,230370,316039,6165,325322,33419,325366,261345,209857,185983,248395,318704,256970,253110,221431,253038,178268,325027,323014,227304,181611,253950,36603,183680],[379761,186552,240762,261008,378421,210889,423480,201380,230986,558392,355705,234374,423480,612183,299455,326161,236134,423388,0,210845,438820,583770,214752,381427,299848,299247,201383,211530,208293,211306,200469,235204,424837,211161,395543,210911,174168,215527,239339,184118,234375,236544,557024,639973,557080,548063,210843,163019,201415,241953,557722,393214,241089],[252410,206682,201569,221750,249948,203,325212,200378,20228,373485,243188,23627,325212,479829,112036,262229,290865,325131,210845,0,333499,451402,4442,254340,112630,111606,199788,1027,241045,552,206117,24789,329314,411,291768,263,209994,193997,204049,205756,23628,291240,372265,508349,372353,389779,106,269456,200821,193674,372836,288624,202306],[84351,263295,200353,183450,87148,333295,18855,244103,326865,239276,91023,325882,18855,177525,241074,119835,275864,18928,438820,333499,0,150676,330433,82533,240474,241609,243876,332579,260214,333673,247499,323193,22072,333671,44050,333727,278602,226373,202610,265539,325876,275783,237987,203914,237908,160326,333396,341240,244235,197553,238818,46806,200171],[206383,413113,349169,333433,208192,451207,168841,393545,440205,195075,228137,438405,168841,28771,344164,270496,425027,168926,583770,451402,150676,0,447649,204566,343526,344677,393279,450399,410890,451445,397283,435740,169937,451480,190538,451593,428523,375154,351718,415308,438400,424920,194510,57292,194358,96415,451310,491898,393705,345384,195028,192433,349051],[249100,207364,200838,220802,246621,4311,322317,200637,16237,369077,240260,19621,322317,476053,107809,260372,291516,322236,214752,4442,330433,447649,0,251030,108406,107375,200041,3491,241619,4213,206462,20593,326466,4309,288854,4514,210993,193825,203390,206487,19622,291888,367857,504564,367946,385665,4393,271299,201085,192796,368428,285702,201576],[1930,223023,158028,148921,4616,254138,80341,202501,246345,218008,31880,245161,80341,233314,158582,104805,260033,80285,381427,254340,82533,204566,251030,0,157979,159118,202089,253387,230580,254472,207646,242460,85991,254482,50669,254558,238427,182524,161481,224891,245155,260081,216561,261695,216536,172177,254241,310265,202772,151571,217410,47822,158142],[156142,218538,179316,190952,153364,112456,236408,202939,98211,263619,157227,96011,236408,371524,637,203185,293702,236339,299848,112630,240474,343526,108406,157979,0,1164,202281,111603,246229,112535,209905,93434,241515,112605,203658,112769,228980,187017,183250,218888,96005,293971,262339,399849,262417,277608,112554,303408,203413,169022,262959,200452,179985],[157279,218687,179761,191507,154503,111432,237519,203162,97121,264466,158293,94910,237519,372670,537,204041,294021,237451,299247,111606,241609,344677,107375,159118,1164,0,202503,110579,246481,111508,210126,92337,242622,111578,204759,111744,229069,187313,183687,219024,94905,294291,263188,400993,263266,278687,111530,303415,203636,169474,263806,201552,180433],[200836,21002,44533,60900,200413,199641,227075,661,209373,409824,171628,211150,227075,420865,202325,126430,93823,226984,201383,199788,243876,393279,200041,202089,202281,202503,0,199491,44368,200289,7628,209577,227600,200178,202753,200040,36338,19793,41643,22803,211145,94150,408366,447680,408376,374236,199696,110933,1141,50595,409175,200937,44549],[251456,206481,201062,221200,248992,855,324318,200082,19486,372482,242288,22884,324318,478824,111010,261507,290660,324236,211530,1027,332579,450399,3491,253387,111603,110579,199491,0,240821,1095,205840,23977,328426,1095,290870,1194,209868,193607,203557,205567,22885,291034,371261,507343,371350,388752,951,269538,200526,193137,371833,287725,201799],[229573,34753,76164,81698,229597,240909,242202,43708,251775,444020,198954,253710,242202,437537,246290,140426,50076,242115,208293,241045,260214,410890,241619,230580,246229,246481,44368,240821,0,241562,36900,252258,241629,241444,222479,241291,37828,59755,72093,36101,253706,50431,442558,463313,442558,401102,240958,81259,43227,85408,443384,221189,75793],[252541,207203,202006,222170,250076,654,325413,200879,19802,373290,243383,23200,325413,479867,111940,262563,291385,325332,211306,552,333673,451445,4213,254472,112535,111508,200289,1095,241562,0,206622,24400,329522,150,291966,398,210527,194473,204491,206279,23202,291760,372070,508384,372159,389724,619,270008,201322,194099,372641,288820,202743],[206430,15832,49655,64075,206079,205973,230460,6973,216041,416396,176930,217868,230460,424735,209949,129212,86588,230370,200469,206117,247499,397283,206462,207646,209905,210126,7628,205840,36900,206622,0,216332,230801,206509,206857,206367,31311,26366,46401,18040,217863,86921,414937,451397,414946,379700,206026,104263,6505,56556,415748,205125,49581],[240540,218549,206190,225064,237960,24708,316117,210197,5080,351063,234109,2702,316117,463957,92812,260043,302325,316039,235204,24789,323193,435740,20593,242460,93434,92337,209577,23977,252258,24400,216332,0,320536,24534,282624,24776,223352,201645,209052,217859,2696,302683,349866,492385,349959,370969,24770,286477,210658,197537,350419,279436,206933],[87584,246506,184868,166783,90437,329110,6142,227788,323963,259703,86426,323201,6142,196044,242093,101912,255398,6165,424837,329314,22072,169937,326466,85991,241515,242622,227600,328426,241629,329522,230801,320536,0,329510,38063,329550,261651,210758,186833,248800,323194,255305,258392,221690,258318,182333,329210,322341,227890,182917,259229,41277,184628],[252552,207083,201920,222090,250088,536,325404,200768,19942,373384,243376,23340,325404,479903,112010,262513,291266,325322,211161,411,333671,451480,4309,254482,112605,111578,200178,1095,241444,150,206509,24534,329510,0,291957,249,210401,194373,204404,206158,23342,291641,372164,508421,372253,389784,487,269867,201212,194018,372734,288812,202657],[52003,222690,158644,143241,54776,291565,33498,203024,286096,248502,48600,285294,33498,218264,204231,83168,243023,33419,395543,291768,44050,190538,288854,50669,203658,204759,202753,290870,222479,291966,206857,282624,38063,291957,0,292002,238138,184645,161180,224862,285288,242990,247112,245402,247060,183645,291665,303737,203189,155119,247966,3216,158520],[252627,206925,201832,222013,250164,454,325447,200630,20189,373581,243422,23587,325447,480018,112175,262488,291109,325366,210911,263,333727,451593,4514,254558,112769,111744,200040,1194,241291,398,206367,24776,329550,249,292002,0,210230,194255,204311,205998,23589,291484,372361,508537,372450,389935,367,269663,201073,193937,372931,288858,202568],[237173,15521,80710,95159,236743,209873,261435,35931,222359,445266,207931,224565,261435,455924,228951,159858,83075,261345,174168,209994,278602,428523,210993,238427,228980,229069,36338,209868,37828,210527,31311,223352,261651,210401,238138,210230,0,55994,77602,13538,224561,83483,443810,482515,443824,410572,209913,76663,35670,86907,444613,236420,80681],[181249,40778,26029,45575,180786,193838,209949,20279,201891,390107,152258,203405,209949,402902,187103,110688,106806,209857,215527,193997,226373,375154,193825,182524,187017,187313,19793,193607,59755,194473,26366,201645,210758,194373,184645,194255,55994,0,23956,42500,203400,107088,388649,429909,388659,354697,193901,130577,20614,30953,389459,182721,26201],[160307,62082,4192,22481,160041,203877,186074,41948,209856,372372,130592,211027,186074,379368,183415,86823,113158,185983,239339,204049,202610,351718,203390,161481,183250,183687,41643,203557,72093,204491,46401,209052,186833,204404,161180,204311,77602,23956,0,64124,211022,113366,370910,406277,370913,333414,203948,149156,42142,14436,371731,159332,3718],[223639,2437,67192,82107,223215,205625,248485,22392,217149,432104,194395,219206,248485,442771,218884,147144,85189,248395,184118,205756,265539,415308,206487,224891,218888,219024,22803,205567,36101,206279,18040,217859,248800,206158,224862,205998,13538,42500,64124,0,219202,85571,430648,469437,430660,397034,205671,89147,22131,73387,431453,223114,67170],[243235,219917,208186,227161,240655,23567,318782,211762,3400,353260,236768,6,318782,466610,95382,262470,303763,318704,234375,23628,325876,438400,19622,245155,96005,94905,211145,22885,253706,23202,217863,2696,323194,23342,285288,23589,224561,203400,211022,219202,0,304124,352067,495036,352161,373507,23620,287254,212222,199584,352617,282100,208930],[259363,84566,117548,115187,259859,291107,257050,93499,302178,477257,228245,304128,257050,450172,294070,160118,428,256970,236544,291240,275783,424920,291888,260081,293971,294291,94150,291034,50431,291760,86921,302683,255305,291641,242990,291484,83483,107088,113366,85571,304124,0,475800,474475,475786,425910,291154,81540,93021,127722,476641,242306,116998],[217075,429159,367004,362199,216322,372113,253083,408885,354940,1461,248045,352072,253083,209049,262853,320876,475728,253110,557024,372265,237987,194510,367857,216561,262339,263188,408366,371261,442558,372070,414937,349866,258392,372164,247112,372361,443810,388649,370910,430648,352067,475800,0,228027,163,100270,372204,519200,409239,358724,854,246294,367287],[263524,467199,403882,387360,265369,508154,221343,447919,496893,228283,284648,495041,221343,28574,400485,323382,474608,221431,639973,508349,203914,57292,504564,261695,399849,400993,447680,507343,463313,508384,451397,492385,221690,508421,245402,508537,482515,429909,406277,469437,495036,474475,228027,0,227865,139168,508257,543904,448060,400521,228384,247485,403732],[217052,429170,367008,362192,216301,372202,253011,408895,355033,1472,248024,352165,253011,208891,262931,320845,475714,253038,557080,372353,237908,194358,367946,216536,262417,263266,408376,371350,442558,372159,414946,349959,258318,372253,247060,372450,443824,388659,370913,430660,352161,475786,163,227865,0,100129,372292,519209,409249,358731,911,246244,367290],[173478,395146,330048,319550,174059,389597,178215,374641,375791,101029,202845,373513,178215,115509,278223,265821,425921,178268,548063,389779,160326,96415,385665,172177,277608,278687,374236,388752,401102,389724,379700,370969,182333,389784,183645,389935,410572,354697,333414,397034,373507,425910,100270,139168,100129,0,389697,481594,374907,323744,100883,184004,330138],[252310,206596,201468,221647,249848,102,325109,200286,20220,373424,243085,23619,325109,479738,111961,262123,290779,325027,210843,106,333396,451310,4393,254241,112554,111530,199696,951,240958,619,206026,24770,329210,487,291665,367,209913,193901,203948,205671,23620,291154,372204,508257,372292,389697,0,269391,200730,193571,372775,288520,202204],[309160,90408,152854,162109,309004,269371,323100,110396,284631,520659,278940,287256,323100,518369,303335,221563,81202,323014,163019,269456,341240,491898,271299,310265,303408,303415,110933,269538,81259,270008,104263,286477,322341,269867,303737,269663,76663,130577,149156,89147,287254,81540,519200,543904,519209,481594,269391,0,110029,160613,520012,302435,152651],[201525,20264,45102,61148,201116,200675,227395,480,210444,410697,172265,212226,227395,421269,203457,126641,92694,227304,201415,200821,244235,393705,201085,202772,203413,203636,1141,200526,43227,201322,6505,210658,227890,201212,203189,201073,35670,20614,42142,22131,212222,93021,409239,448060,409249,374907,200730,110029,0,51327,410048,201386,45101],[150296,71588,10344,28240,149841,193496,181703,51033,198558,360184,121380,199589,181703,373302,169196,85744,127509,181611,241953,193674,197553,345384,192796,151571,169022,169474,50595,193137,85408,194099,56556,197537,182917,194018,155119,193937,86907,30953,14436,73387,199584,127722,358724,400521,358731,323744,193571,160613,51327,0,359540,153059,10986],[217923,429966,367824,363032,217169,372684,253922,409694,355493,670,248892,352621,253922,209480,263471,321728,476569,253950,557722,372836,238818,195028,368428,217410,262959,263806,409175,371833,443384,372641,415748,350419,259229,372734,247966,372931,444613,389459,371731,431453,352617,476641,854,228384,911,100883,372775,520012,410048,359540,0,247148,368107],[49114,220955,156742,141640,51868,288420,36681,201215,282913,247690,45442,282107,36681,220252,201024,82308,242333,36603,393214,288624,46806,192433,285702,47822,200452,201552,200937,287725,221189,288820,205125,279436,41277,288812,3216,288858,236420,182721,159332,223114,282100,242306,246294,247485,246244,184004,288520,302435,201386,153059,247148,0,156630],[156952,65173,743,22040,156658,202131,183772,44885,207811,368748,127350,208935,183772,376758,180156,85140,116793,183680,241089,202306,200171,349051,201576,158142,179985,180433,44549,201799,75793,202743,49581,206933,184628,202657,158520,202568,80681,26201,3718,67170,208930,116998,367287,403732,367290,330138,202204,152651,45101,10986,368107,156630,0]],"onlyStart":true}