{"city":["A.47342","A.48335","A.48312","A.49133","A.47339","A.48293","A.47332","A.49109","A.49107","A.48320","A.49113","A.47335","A.49130","A.47344","A.48303","A.48346","A.48343","A.48310","A.49135","A.48328","A.49099","A.49249","A.47363","A.49105","A.47346","A.49132","A.48387","A.48286","A.47450","A.48285","A.49116","A.47328","A.48295","A.48300","A.49114","A.48611","A.48289","A.48314","A.48288","A.47337","A.48287","A.49112","A.47370","A.48323","A.48296","A.47418","A.48341","A.48362","A.49100","A.47333","A.48307","A.48321","A.212809"],"line":[[0,660186,659284,3384143,4722,659965,12582,3385077,3383527,658254,3382030,13711,3382085,8285,659463,659970,663587,659716,3382953,660158,3383479,3382114,18044,3383721,8283,3382428,659527,666881,481186,662473,3383739,10050,660919,661411,3383702,654185,662975,661417,661330,63729,661069,3383301,2553,657829,658494,9103,681396,659051,3383390,15351,658703,658628,3378380.922274205],[660186,0,977,3587499,657248,471,662815,3585858,3584216,4374,3583107,659537,3583163,654375,4033,2930,3622,5893,3583807,125,3584472,3584336,673899,3585130,662107,3583538,2831,7637,365079,9106,3584325,656998,970,7371,3584869,6418,4062,7622,1784,721363,7266,3584370,659293,6273,2927,664801,21701,1134,3584387,672871,1781,3153,3579376],[659284,977,0,3587498,656343,1044,661920,3585862,3584220,3692,3583111,658627,3583166,653470,3592,2634,4599,5511,3583810,910,3584476,3584337,673004,3585133,661210,3583541,2387,8280,364718,9013,3584329,656101,1923,7207,3584872,5441,4499,7451,2273,720471,7060,3584373,658392,6354,2159,663903,22508,445,3584390,671974,841,2452,3579379],[3384143,3587499,3587498,0,3388403,3587030,3371565,13790,14411,3590367,12627,3397657,12614,3391193,3590875,3590109,3587657,3592727,13620,3587601,12787,6611,3369542,10519,3375859,12357,3589782,3593487,3251018,3596505,14936,3375620,3587194,3594669,11819,3587282,3591303,3594904,3589204,3352624,3594484,12405,3382016,3581226,3589046,3375441,3600016,3587059,12779,3372803,3587836,3589423,14428],[4722,657248,656343,3388403,0,657029,16923,3389328,3387778,655293,3386282,10229,3386338,3625,656503,657015,660655,656745,3387205,657219,3387732,3386371,22706,3387975,12708,3386681,656574,663922,480730,659486,3387990,13200,657985,658432,3387954,651234,660020,658436,658383,67681,658090,3387553,6416,654923,655542,13792,678432,656113,3387642,19920,655759,655674,3382632],[659965,471,1044,3587030,657029,0,662586,3585390,3583748,4664,3582638,659324,3582694,654158,4411,3337,3715,6294,3583338,571,3584004,3583867,673671,3584661,661881,3583069,3199,8036,364627,9564,3583857,656770,979,7818,3584400,6375,4518,8069,2248,721131,7707,3583901,659071,5804,3165,664575,22009,1002,3583918,672645,1886,3427,3578907],[12582,662815,661920,3371565,16923,662586,0,3372498,3370948,660956,3369451,26226,3369507,20032,662166,662653,666192,662454,3370374,662789,3370901,3369536,11105,3371142,4307,3369849,662207,669577,476761,665265,3371160,6423,663536,664174,3371123,656858,665658,664185,663983,58763,663831,3370722,10506,660349,661167,4904,684105,661680,3370811,10736,661350,661308,3365802],[3385077,3585858,3585862,13790,3389328,3585390,3372498,0,1677,3588740,3313,3398601,3264,3392108,3589244,3588474,3586002,3591098,2131,3585961,1876,8027,3370521,3516,3376793,3051,3588149,3591828,3249969,3594870,1780,3376531,3585550,3593035,2381,3585667,3589657,3593271,3587562,3353792,3592852,2248,3382944,3579585,3587416,3376386,3598306,3585423,1959,3373780,3586203,3587792,6716],[3383527,3584216,3584220,14411,3387778,3583748,3370948,1677,0,3587098,2455,3397052,2425,3390558,3587602,3586832,3584360,3589456,1008,3584319,1628,8224,3368973,3892,3375244,2421,3586507,3590186,3248344,3593228,572,3374981,3583908,3591393,2593,3584026,3588015,3591629,3585920,3352254,3591210,2034,3381395,3577943,3585774,3374837,3596662,3583781,1646,3372233,3584561,3586151,5276],[658254,4374,3692,3590367,655293,4664,660956,3588740,3587098,0,3585987,657523,3586042,652408,1210,1989,7434,2431,3586687,4252,3587352,3587210,672036,3588008,660223,3586418,1731,8631,366540,6443,3587207,655122,5283,4588,3587748,4383,4822,4779,4001,719532,4318,3587250,657375,9731,1553,662915,23149,4004,3587267,670990,2969,1240,3582255],[3382030,3583107,3583111,12627,3386282,3582638,3369451,3313,2455,3585987,0,3395553,55,3389063,3586491,3585723,3583253,3588345,1449,3583209,1484,6155,3367469,2574,3373746,451,3585397,3589080,3247141,3592118,3010,3373487,3582800,3590283,1790,3582913,3586906,3590519,3584811,3350723,3590100,1273,3379898,3576834,3584663,3373338,3595564,3582671,1393,3370729,3583451,3585040,3732],[13711,659537,658627,3397657,10229,659324,26226,3398601,3397052,657523,3395553,0,3395608,9296,658731,659260,662962,658945,3396477,659506,3397003,3395633,29317,3397243,21920,3395951,658821,666154,488086,661641,3397264,23327,660283,660610,3397224,653490,662264,660611,660651,69690,660269,3396824,16080,657301,657795,22219,680648,658402,3396913,26126,658033,657922,3391904],[3382085,3583163,3583166,12614,3386338,3582694,3369507,3264,2425,3586042,55,3395608,0,3389119,3586547,3585778,3583309,3588401,1418,3583265,1431,6150,3367525,2534,3373802,400,3585452,3589135,3247196,3592174,2983,3373542,3582855,3590339,1737,3582968,3586962,3590575,3584867,3350779,3590155,1217,3379954,3576890,3584719,3373394,3595620,3582726,1340,3370785,3583506,3585096,3787],[8285,654375,653470,3391193,3625,654158,20032,3392108,3390558,652408,3389063,9296,3389119,0,653617,654133,657787,653853,3389985,654346,3390512,3389156,26315,3390757,15938,3389462,653692,661037,479536,656584,3390769,15603,655114,655535,3390736,648354,657138,655538,655506,71140,655193,3390334,9634,652070,652661,17247,675543,653240,3390423,23545,652883,652793,3385413],[659463,4033,3592,3590875,656503,4411,662166,3589244,3587602,1210,3586491,658731,3586547,653617,0,1162,6655,1922,3587192,3907,3587857,3587716,673246,3588513,661433,3586922,1215,7424,367412,5695,3587711,656332,4830,3825,3588253,5536,3658,4049,3201,720742,3614,3587754,658585,9906,1850,664125,21939,3988,3587771,672200,3072,1481,3582760],[659970,2930,2634,3590109,657015,3337,662653,3588474,3586832,1989,3585723,659260,3585778,654133,1162,0,5525,2963,3586423,2806,3587088,3586949,673735,3587745,661927,3586153,473,6950,367017,6395,3586942,656824,3684,4574,3587484,5818,3005,4818,2065,721222,4425,3586985,659088,8988,1568,664619,21487,3064,3587002,672693,2311,1353,3581991],[663587,3622,4599,3587657,660655,3715,666192,3586002,3584360,7434,3583253,662962,3583309,657787,6655,5525,0,8118,3583951,3692,3584618,3584488,677278,3585278,665492,3583684,5704,5936,366580,10147,3584468,660380,2736,8808,3585015,10040,4255,9054,3460,724730,8845,3584516,662689,7359,6260,668186,18752,4702,3584532,676255,5370,6367,3579522],[659716,5893,5511,3592727,656745,6294,662454,3591098,3589456,2431,3588345,658945,3588401,653853,1922,2963,8118,0,3589046,5769,3589711,3589569,673533,3590367,661709,3588776,3125,7503,368953,4020,3589565,656613,6624,2189,3590107,6583,4385,2362,4789,721043,1897,3589608,658845,11827,3688,664400,21723,5910,3589625,672477,4986,3311,3584614],[3382953,3583807,3583810,13620,3387205,3583338,3370374,2131,1008,3586687,1449,3396477,1418,3389985,3587192,3586423,3583951,3589046,0,3583909,956,7321,3368397,3152,3374670,1429,3586097,3589778,3247894,3592818,1571,3374408,3583499,3590983,1910,3583614,3587605,3591219,3585511,3351666,3590800,1242,3380821,3577534,3585364,3374262,3596257,3583371,921,3371657,3584151,3585740,4584],[660158,125,910,3587601,657219,571,662789,3585961,3584319,4252,3583209,659506,3583265,654346,3907,2806,3692,5769,3583909,0,3584575,3584438,673874,3585232,662081,3583640,2706,7604,365147,8994,3584428,656971,1074,7255,3584971,6350,3993,7506,1711,721338,7148,3584472,659266,6375,2811,664774,21702,1113,3584489,672845,1692,3033,3579478],[3383479,3584472,3584476,12787,3387732,3584004,3370901,1876,1628,3587352,1484,3397003,1431,3390512,3587857,3587088,3584618,3589711,956,3584575,0,6617,3368920,2272,3375196,1177,3586762,3590444,3248530,3593484,2175,3374936,3584165,3591649,985,3584279,3588271,3591885,3586176,3352178,3591465,432,3381348,3578199,3586029,3374788,3596926,3584036,90,3372180,3584816,3586406,5120],[3382114,3584336,3584337,6611,3386371,3583867,3369536,8027,8224,3587210,6155,3395633,6150,3389156,3587716,3586949,3584488,3589569,7321,3584438,6617,0,3367534,4511,3373831,5951,3586623,3590317,3248108,3593345,8786,3373581,3584030,3591509,5739,3584130,3588138,3591745,3586041,3350703,3591325,6195,3379985,3578063,3585888,3373418,3596824,3583898,6586,3370795,3584677,3586264,7877],[18044,673899,673004,3369542,22706,673671,11105,3370521,3368973,672036,3367469,29317,3367525,26315,673246,673735,677278,673533,3368397,673874,3368920,3367534,0,3369155,12330,3367867,673289,680658,486510,676340,3369187,17028,674621,675251,3369139,667940,676740,675261,675067,47814,674908,3368740,17317,671439,672249,9875,695185,672765,3368830,3271,672434,672390,3363823],[3383721,3585130,3585133,10519,3387975,3584661,3371142,3516,3892,3588008,2574,3397243,2534,3390757,3588513,3587745,3585278,3590367,3152,3585232,2272,4511,3369155,0,3375437,2158,3587419,3591105,3249093,3594141,4419,3375181,3584823,3592305,1299,3584933,3588930,3592541,3586835,3352381,3592122,1912,3381590,3578857,3586685,3375028,3597595,3584693,2270,3372415,3585473,3587062,5995],[8283,662107,661210,3375859,12708,661881,4307,3376793,3375244,660223,3373746,21920,3373802,15938,661433,661927,665492,661709,3374670,662081,3375196,3373831,12330,3375437,0,3374144,661482,668846,478449,664502,3375455,5327,662833,663421,3375418,656135,664932,663429,663267,60005,663077,3375017,6317,659679,660444,2703,683370,660973,3375106,10776,660636,660583,3370097],[3382428,3583538,3583541,12357,3386681,3583069,3369849,3051,2421,3586418,451,3395951,400,3389462,3586922,3586153,3583684,3588776,1429,3583640,1177,5951,3367867,2158,3374144,0,3585828,3589511,3247565,3592549,2992,3373885,3583231,3590714,1343,3583343,3587337,3590950,3585242,3351118,3590530,883,3380297,3577265,3585094,3373736,3595996,3583102,1091,3371127,3583882,3585471,4168],[659527,2831,2387,3589782,656574,3199,662207,3588149,3586507,1731,3585397,658821,3585452,653692,1215,473,5704,3125,3586097,2706,3586762,3586623,673289,3587419,661482,3585828,0,7409,366587,6730,3586616,656379,3665,4886,3587159,5362,3453,5123,2273,720775,4713,3586660,658645,8726,1095,664175,21941,2795,3586676,672248,1947,899,3581665],[666881,7637,8280,3593487,663922,8036,669577,3591828,3590186,8631,3589080,666154,3589135,661037,7424,6950,5936,7503,3589778,7604,3590444,3590317,680658,3591105,668846,3589511,7409,0,372403,6798,3590294,663745,7360,6562,3590842,12769,3970,6702,6009,728150,6821,3590342,666001,13130,8483,671539,14541,8649,3590358,679613,8605,8303,3585348],[481186,365079,364718,3251018,480730,364627,476761,3249969,3248344,366540,3247141,488086,3247196,479536,367412,367017,366580,368953,3247894,365147,3248530,3248108,486510,3249093,478449,3247565,366587,372403,0,372973,3248477,473336,365139,371128,3248887,362543,369140,371314,366858,524545,370851,3248409,479138,359274,365606,480843,383431,364283,3248443,487274,364748,365952,3243417],[662473,9106,9013,3596505,659486,9564,665265,3594870,3593228,6443,3592118,661641,3592174,656584,5695,6395,10147,4020,3592818,8994,3593484,3593345,676340,3594141,664502,3592549,6730,6798,372973,0,3593337,659412,9583,1872,3593880,10527,5895,1665,7536,723872,2125,3593381,661613,15341,7545,667192,19416,9451,3593398,675272,8678,7175,3588387],[3383739,3584325,3584329,14936,3387990,3583857,3371160,1780,572,3587207,3010,3397264,2983,3390769,3587711,3586942,3584468,3589565,1571,3584428,2175,8786,3369187,4419,3375455,2992,3586616,3590294,3248477,3593337,0,3375192,3584017,3591502,3120,3584136,3588123,3591739,3586029,3352475,3591319,2591,3381606,3578052,3585883,3375049,3596768,3583890,2200,3372446,3584670,3586260,5619],[10050,656998,656101,3375620,13200,656770,6423,3376531,3374981,655122,3373487,23327,3373542,15603,656332,656824,660380,656613,3374408,656971,3374936,3373581,17028,3375181,5327,3373885,656379,663745,473336,659412,3375192,0,657721,658328,3375160,651031,659829,658337,658161,64842,657985,3374758,7498,654556,655340,7994,678271,655863,3374846,15905,655529,655479,3369836],[660919,970,1923,3587194,657985,979,663536,3585550,3583908,5283,3582800,660283,3582855,655114,4830,3684,2736,6624,3583499,1074,3584165,3584030,674621,3584823,662833,3583231,3665,7360,365139,9583,3584017,657721,0,7924,3584562,7336,4139,8178,2049,722079,7854,3584062,660024,6033,3877,665526,21136,1972,3584079,673596,2746,4081,3579068],[661411,7371,7207,3594669,658432,7818,664174,3593035,3591393,4588,3590283,660610,3590339,655535,3825,4574,8808,2189,3590983,7255,3591649,3591509,675251,3592305,663421,3590714,4886,6562,371128,1872,3591502,658328,7924,0,3592045,8761,4601,254,5903,722772,346,3591546,660545,13555,5675,666111,20177,7638,3591563,674190,6832,5304,3586552],[3383702,3584869,3584872,11819,3387954,3584400,3371123,2381,2593,3587748,1790,3397224,1737,3390736,3588253,3587484,3585015,3590107,1910,3584971,985,5739,3369139,1299,3375418,1343,3587159,3590842,3248887,3593880,3120,3375160,3584562,3592045,0,3584674,3588668,3592281,3586573,3352384,3591861,693,3381570,3578596,3586425,3375009,3597328,3584433,996,3372399,3585213,3586802,5508],[654185,6418,5441,3587282,651234,6375,656858,3585667,3584026,4383,3582913,653490,3582968,648354,5536,5818,10040,6583,3583614,6350,3584279,3584130,667940,3584933,656135,3583343,5362,12769,362543,10527,3584136,651031,7336,8761,3584674,0,8814,8911,7202,715423,8449,3584176,653301,8846,4309,658828,27303,5373,3584193,666901,4699,4465,3579181],[662975,4062,4499,3591303,660020,4518,665658,3589657,3588015,4822,3586906,662264,3586962,657138,3658,3005,4255,4385,3587605,3993,3588271,3588138,676740,3588930,664932,3587337,3453,3970,369140,5895,3588123,659829,4139,4601,3588668,8814,0,4839,2283,724227,4678,3588169,662093,10171,4515,667624,18490,4911,3588185,675698,4700,4351,3583175],[661417,7622,7451,3594904,658436,8069,664185,3593271,3591629,4779,3590519,660611,3590575,655538,4049,4818,9054,2362,3591219,7506,3591885,3591745,675261,3592541,663429,3590950,5123,6702,371314,1665,3591739,658337,8178,254,3592281,8911,4839,0,6158,722784,464,3591782,660551,13802,5897,666120,20209,7882,3591799,674198,7068,5525,3586788],[661330,1784,2273,3589204,658383,2248,663983,3587562,3585920,4001,3584811,660651,3584867,655506,3201,2065,3460,4789,3585511,1711,3586176,3586041,675067,3586835,663267,3585242,2273,6009,366858,7536,3586029,658161,2049,5903,3586573,7202,2283,6158,0,722541,5853,3586074,660442,7993,3014,665960,20320,2659,3586091,674032,2653,3031,3581080],[63729,721363,720471,3352624,67681,721131,58763,3353792,3352254,719532,3350723,69690,3350779,71140,720742,721222,724730,721043,3351666,721338,3352178,3350703,47814,3352381,60005,3351118,720775,728150,524545,723872,3352475,64842,722079,722772,3352384,715423,724227,722784,722541,0,722428,3351993,63937,718853,719733,57390,742682,720228,3352088,49317,719906,719876,3347088],[661069,7266,7060,3594484,658090,7707,663831,3592852,3591210,4318,3590100,660269,3590155,655193,3614,4425,8845,1897,3590800,7148,3591465,3591325,674908,3592122,663077,3590530,4713,6821,370851,2125,3591319,657985,7854,346,3591861,8449,4678,464,5853,722428,0,3591363,660202,13414,5459,665768,20509,7486,3591379,673846,6652,5085,3586368],[3383301,3584370,3584373,12405,3387553,3583901,3370722,2248,2034,3587250,1273,3396824,1217,3390334,3587754,3586985,3584516,3589608,1242,3584472,432,6195,3368740,1912,3375017,883,3586660,3590342,3248409,3593381,2591,3374758,3584062,3591546,693,3584176,3588169,3591782,3586074,3351993,3591363,0,3381169,3578097,3585926,3374609,3596826,3583934,391,3372000,3584714,3586303,4994],[2553,659293,658392,3382016,6416,659071,10506,3382944,3381395,657375,3379898,16080,3379954,9634,658585,659088,662689,658845,3380821,659266,3381348,3379985,17317,3381590,6317,3380297,658645,666001,479138,661613,3381606,7498,660024,660545,3381570,653301,662093,660551,660442,63937,660202,3381169,0,656915,657610,7742,680519,658158,3381258,14936,657814,657745,3376248],[657829,6273,6354,3581226,654923,5804,660349,3579585,3577943,9731,3576834,657301,3576890,652070,9906,8988,7359,11827,3577534,6375,3578199,3578063,671439,3578857,659679,3577265,8726,13130,359274,15341,3578052,654556,6033,13555,3578596,8846,10171,13802,7993,718853,13414,3578097,656915,0,8216,662374,25797,5932,3578114,670438,6847,8579,3573103],[658494,2927,2159,3589046,655542,3165,661167,3587416,3585774,1553,3584663,657795,3584719,652661,1850,1568,6260,3688,3585364,2811,3586029,3585888,672249,3586685,660444,3585094,1095,8483,365606,7545,3585883,655340,3877,5675,3586425,4309,4515,5897,3014,719733,5459,3585926,657610,8216,0,663137,23003,2453,3585943,671210,1415,376,3580932],[9103,664801,663903,3375441,13792,664575,4904,3376386,3374837,662915,3373338,22219,3373394,17247,664125,664619,668186,664400,3374262,664774,3374788,3373418,9875,3375028,2703,3373736,664175,671539,480843,667192,3375049,7994,665526,666111,3375009,658828,667624,666120,665960,57390,665768,3374609,7742,662374,663137,0,686062,663666,3374698,8105,663330,663275,3369689],[681396,21701,22508,3600016,678432,22009,684105,3598306,3596662,23149,3595564,680648,3595620,675543,21939,21487,18752,21723,3596257,21702,3596926,3596824,695185,3597595,683370,3595996,21941,14541,383431,19416,3596768,678271,21136,20177,3597328,27303,18490,20209,20320,742682,20509,3596826,680519,25797,23003,686062,0,22811,3596841,694138,22974,22838,3591832],[659051,1134,445,3587059,656113,1002,661680,3585423,3583781,4004,3582671,658402,3582726,653240,3988,3064,4702,5910,3583371,1113,3584036,3583898,672765,3584693,660973,3583102,2795,8649,364283,9451,3583890,655863,1972,7638,3584433,5373,4911,7882,2659,720228,7486,3583934,658158,5932,2453,663666,22811,0,3583950,671737,1048,2774,3578939],[3383390,3584387,3584390,12779,3387642,3583918,3370811,1959,1646,3587267,1393,3396913,1340,3390423,3587771,3587002,3584532,3589625,921,3584489,90,6586,3368830,2270,3375106,1091,3586676,3590358,3248443,3593398,2200,3374846,3584079,3591563,996,3584193,3588185,3591799,3586091,3352088,3591379,391,3381258,3578114,3585943,3374698,3596841,3583950,0,3372090,3584731,3586320,5032],[15351,672871,671974,3372803,19920,672645,10736,3373780,3372233,670990,3370729,26126,3370785,23545,672200,672693,676255,672477,3371657,672845,3372180,3370795,3271,3372415,10776,3371127,672248,679613,487274,675272,3372446,15905,673596,674190,3372399,666901,675698,674198,674032,49317,673846,3372000,14936,670438,671210,8105,694138,671737,3372090,0,671401,671349,3367083],[658703,1781,841,3587836,655759,1886,661350,3586203,3584561,2969,3583451,658033,3583506,652883,3072,2311,5370,4986,3584151,1692,3584816,3584677,672434,3585473,660636,3583882,1947,8605,364748,8678,3584670,655529,2746,6832,3585213,4699,4700,7068,2653,719906,6652,3584714,657814,6847,1415,663330,22974,1048,3584731,671401,0,1754,3579720],[658628,3153,2452,3589423,655674,3427,661308,3587792,3586151,1240,3585040,657922,3585096,652793,1481,1353,6367,3311,3585740,3033,3586406,3586264,672390,3587062,660583,3585471,899,8303,365952,7175,3586260,655479,4081,5304,3586802,4465,4351,5525,3031,719876,5085,3586303,657745,8579,376,663275,22838,2774,3586320,671349,1754,0,3581309],[3378380.922274205,3579376,3579379,14428,3382632,3578907,3365802,6716,5276,3582255,3732,3391904,3787,3385413,3582760,3581991,3579522,3584614,4584,3579478,5120,7877,3363823,5995,3370097,4168,3581665,3585348,3243417,3588387,5619,3369836,3579068,3586552,5508,3579181,3583175,3586788,3581080,3347088,3586368,4994,3376248,3573103,3580932,3369689,3591832,3578939,5032,3367083,3579720,3581309,0]],"onlyStart":false}