{"city":["A.104379","A.48295","A.47335","A.50348","A.104384","A.239953","A.104381","A.50577","A.104378","A.104789","A.239952","A.50460","A.50526","A.47350","A.50464","A.50355","A.104377","A.48312","A.48307","A.47346","A.103873","A.102463","A.104382","A.104380","A.48288","A.47328","A.48286"],"line":[[0,297101,514032,426266,32973,148404,1513,307549,5155,8658,144579,288585,293373,506720,293549,446367,10105,296741,296801,506977,5238,150245,6887,7467,298855,501715,304324],[297101,0,660283,493741,299367,396414,297510,199511,302161,290481,396041,167982,174620,662272,168418,540880,288873,1923,2746,662833,292936,392006,303896,292096,2049,657721,7360],[514032,660283,0,197490,482275,373832,512518,486974,511708,510612,378986,508519,504367,21270,510672,140468,510825,658627,658033,21920,512164,369012,511116,510171,660651,23327,666154],[426266,493741,197490,0,393536,322550,424857,304573,425825,420133,328121,330728,325409,209547,331899,57074,419727,491932,491239,210328,422713,314353,425890,420303,493731,206732,498700],[32973,299367,482275,393536,0,121452,31511,288557,32302,28359,118273,272278,276479,475349,277302,413395,28553,298801,298767,475622,30171,122082,32459,28020,300994,470344,306701],[148404,396414,373832,322550,121452,0,146953,326241,144919,147525,5625,321711,323390,364469,326510,328156,148250,395472,395259,364649,148044,9117,143922,146613,397742,359495,403716],[1513,297510,512518,424857,31511,146953,0,306961,4675,8159,143142,288127,292887,505208,293095,444902,9708,297141,297196,505465,4891,148771,6395,6791,299259,500203,304740],[307549,199511,486974,304573,288557,326241,306961,0,310911,298892,328737,32975,25695,492714,31376,356463,297463,197596,196805,493373,302311,318410,312200,300173,198996,488628,203029],[5155,302161,511708,425825,32302,144919,4675,310911,0,12571,140989,292287,297005,504218,297261,445300,14176,301795,301851,504468,9488,146996,1740,11069,303911,499213,309388],[8658,290481,510612,420133,28359,147525,8159,298892,12571,0,143950,279981,284751,503616,284947,441031,1635,290086,290129,503886,3432,148848,14160,1616,292215,498611,297729],[144579,396041,378986,328121,118273,5625,143142,328737,140989,143950,0,323690,325484,369501,328513,333778,144719,395122,394922,369676,144370,14146,139952,142999,397391,364530,403355],[288585,167982,508519,330728,272278,321711,288127,32975,292287,279981,323690,0,7362,513212,5035,381057,278484,166079,165305,513845,283358,314398,293676,281348,167575,508981,171851],[293373,174620,504367,325409,276479,323390,292887,25695,297005,284751,325484,7362,0,509311,6494,376136,283268,172712,171932,509951,288140,315956,298374,286101,174175,505114,178369],[506720,662272,21270,209547,475349,364469,505208,492714,504218,503616,369501,513212,509311,0,515547,153058,503893,660648,660074,811,505046,360061,503562,503113,662705,5005,668282],[293549,168418,510672,331899,277302,326510,293095,31376,297261,284947,328513,5035,6494,515547,0,382590,283449,166508,165724,516185,288323,319171,298653,286317,167951,511340,172101],[446367,540880,140468,57074,413395,328156,444902,356463,445300,441031,333778,381057,376136,153058,382590,0,440824,539115,538453,153849,443313,320789,445150,441002,540997,150452,546164],[10105,288873,510825,419727,28553,148250,9708,297463,14176,1635,144719,278484,283268,503893,283449,440824,0,288476,288519,504165,4874,149483,15779,3242,290606,498888,296123],[296741,1923,658627,491932,298801,395472,297141,197596,301795,290086,395122,166079,172712,660648,166508,539115,288476,0,841,661210,292557,391030,303530,291701,2273,656101,8280],[296801,2746,658033,491239,298767,395259,297196,196805,301851,290129,394922,165305,171932,660074,165724,538453,288519,841,0,660636,292607,390801,303586,291745,2653,655529,8605],[506977,662833,21920,210328,475622,364649,505465,493373,504468,503886,369676,513845,509951,811,516185,153849,504165,661210,660636,0,505311,360259,503810,503380,663267,5327,668846],[5238,292936,512164,422713,30171,148044,4891,302311,9488,3432,144370,283358,288140,505046,288323,443313,4874,292557,292607,505311,0,149572,11158,2497,294679,500041,300174],[150245,392006,369012,314353,122082,9117,148771,318410,146996,148848,14146,314398,315956,360061,319171,320789,149483,391030,390801,360259,149572,0,146088,148019,393302,355076,399288],[6887,303896,511116,425890,32459,143922,6395,312200,1740,14160,139952,293676,298374,503562,298653,445150,15779,303530,303586,503810,11158,146088,0,12625,305647,498558,311125],[7467,292096,510171,420303,28020,146613,6791,300173,11069,1616,142999,281348,286101,503113,286317,441002,3242,291701,291745,503380,2497,148019,12625,0,293830,498108,299344],[298855,2049,660651,493731,300994,397742,299259,198996,303911,292215,397391,167575,174175,662705,167951,540997,290606,2273,2653,663267,294679,393302,305647,293830,0,658161,6009],[501715,657721,23327,206732,470344,359495,500203,488628,499213,498611,364530,508981,505114,5005,511340,150452,498888,656101,655529,5327,500041,355076,498558,498108,658161,0,663745],[304324,7360,666154,498700,306701,403716,304740,203029,309388,297729,403355,171851,178369,668282,172101,546164,296123,8280,8605,668846,300174,399288,311125,299344,6009,663745,0]],"onlyStart":true}